#T r95_d30000_t3_64_128_256_512_1024_1280_1518
size: 64B, rate: 95%, link: 25000 Mbps, mpps: 35342262, dur: 30 sec, total: 1060267860, LossLimit: 10603 (0.001%)
TS(sec),TX(pps),RX(pps),totalTX(p),totalRX(p),Trial
1690381157,0,0,0,0,0
1690381158,13120222,13158747,13120222,13158747,0
1690381159,37393611,37393811,50513833,50552558,0
1690381160,37126246,37351151,87640079,87903709,0
1690381162,37127990,37014390,124768069,124918099,0
1690381163,37129364,37396133,161897433,162314232,0
1690381164,36301031,36242588,198198464,198556820,0
1690381165,36041600,35718246,234240064,234275066,0
1690381166,36038994,36041656,270279058,270316722,0
1690381167,35779742,36003801,306058800,306320523,0
1690381168,35781108,35677590,341839908,341998113,0
1690381169,35782876,35677522,377622784,377675635,0
1690381170,36090868,36394944,413713652,414070579,0
1690381171,36034938,36005405,449748590,450075984,0
1690381172,36038330,36068014,485786920,486143998,0
1690381173,36039779,35718470,521826699,521862468,0
1690381174,36036016,36036124,557862715,557898592,0
1690381175,35779461,36000942,593642176,593899534,0
1690381176,35781253,35675738,629423429,629575272,0
1690381177,35782902,35676116,665206331,665251388,0
1690381178,36082757,36397783,701289088,701649171,0
1690381179,36039424,36038466,737328512,737687637,0
1690381180,36031763,36031197,773360275,773718834,0
1690381181,36036461,36033061,809396736,809751895,0
1690381182,36034048,36032150,845430784,845784045,0
1690381183,36034002,36032204,881464786,881816249,0
1690381184,36039835,36032098,917504621,917848347,0
1690381185,36040275,36056642,953544896,953904989,0
1690381186,36037504,35713236,989582400,989618225,0
1690381187,36041207,36041115,1025623607,1025659340,0
1690381188,34644253,34608408,1060267860,1060267748,0
1690381189,0,0,1060267860,1060267748,0
1690381190,0,0,1060267860,1060267748,0
1690381191,0,0,1060267860,1060267748,0
1690381192,0,0,1060267860,1060267748,0
1690381193,0,0,0,0,1
1690381194,9516184,9749757,9516184,9749757,1
1690381195,37129579,37025802,46645763,46775559,1
1690381196,37126190,37398282,83771953,84173841,1
1690381197,37422934,37396130,121194887,121569971,1
1690381198,37396009,37057820,158590896,158627791,1
1690381199,36381584,36380600,194972480,195008391,1
1690381200,35779456,35998018,230751936,231006409,1
1690381201,35781312,35671425,266533248,266677834,1
1690381202,35781184,36036462,302314432,302714296,1
1690381203,36079040,36039374,338393472,338753670,1
1690381204,36039943,35715754,374433415,374469424,1
1690381205,36039082,36039029,410472497,410508453,1
1690381206,35779491,36002988,446251988,446511441,1
1690381207,35781228,35670445,482033216,482181886,1
1690381208,35781248,36033026,517814464,518214912,1
1690381209,36078976,36038730,553893440,554253642,1
1690381210,36038016,36033098,589931456,590286740,1
1690381211,36039914,36032140,625971370,626318880,1
1690381212,36038486,36032358,662009856,662351238,1
1690381213,36039040,36057721,698048896,698408959,1
1690381214,36030912,36006293,734079808,734415252,1
1690381215,36038247,36062885,770118055,770478137,1
1690381216,36035352,36035405,806153407,806513542,1
1690381217,36036993,35712701,842190400,842226243,1
1690381218,36037888,36037952,878228288,878264195,1
1690381219,35779520,36003507,914007808,914267702,1
1690381220,35781248,35678410,949789056,949946112,1
1690381221,35781248,35678627,985570304,985624739,1
1690381222,36099328,36405108,1021669632,1022029847,1
1690381223,36041344,36029235,1057710976,1058059082,1
1690381224,2556884,2208778,1060267860,1060267860,1
1690381225,0,0,1060267860,1060267860,1
1690381226,0,0,1060267860,1060267860,1
1690381227,0,0,1060267860,1060267860,1
1690381228,0,0,1060267860,1060267860,1
1690381229,0,0,0,0,2
1690381230,6498901,6764298,6498901,6764298,2
1690381231,37127801,36901083,43626702,43665381,2
1690381232,37127903,37509670,80754605,81175051,2
1690381233,37129653,36747786,117884258,117922837,2
1690381234,37126212,37294116,155010470,155216953,2
1690381235,36255322,36141943,191265792,191358896,2
1690381236,36125843,36392595,227391635,227751491,2
1690381237,36037946,36029216,263429581,263780707,2
1690381238,36043315,36033839,299472896,299814546,2
1690381239,36036273,36054590,335509169,335869136,2
1690381240,36037711,35713375,371546880,371582511,2
1690381241,36032878,36032945,407579758,407615456,2
1690381242,35779410,35781228,443359168,443396684,2
1690381243,35781248,35898243,479140416,479294927,2
1690381244,35781312,36039814,514921728,515334741,2
1690381245,35781202,35404735,550702930,550739476,2
1690381246,35782958,35944670,586485888,586684146,2
1690381247,35779520,36038497,622265408,622722643,2
1690381248,35781442,35360492,658046850,658083135,2
1690381249,35782782,35999401,693829632,694082536,2
1690381250,35779584,35676105,729609216,729758641,2
1690381251,35781242,35680236,765390458,765438877,2
1690381252,36089862,36401510,801480320,801840387,2
1690381253,36038784,36016407,837519104,837856794,2
1690381254,36041536,36063845,873560640,873920639,2
1690381255,36038912,36038007,909599552,909958646,2
1690381256,36030809,36031209,945630361,945989855,2
1690381257,36032752,36032070,981663113,982021925,2
1690381258,36034807,36033107,1017697920,1018055032,2
1690381259,36039801,36032137,1053737721,1054087169,2
1690381260,6530139,6180551,1060267860,1060267720,2
1690381261,0,0,1060267860,1060267720,2
1690381262,0,0,1060267860,1060267720,2
1690381263,0,0,1060267860,1060267720,2
1690381264,0,0,1060267860,1060267720,2
1690381265,0,0,1060267860,1060267720,0
1690381266,0,0,1060267860,1060267720,0
1690381267,0,0,1060267860,1060267720,0
1690381268,0,0,1060267860,1060267720,0
1690381269,0,0,1060267860,1060267720,0
1690381270,0,0,1060267860,1060267720,0
1690381271,0,0,1060267860,1060267720,0
1690381272,0,0,1060267860,1060267720,0
1690381273,0,0,1060267860,1060267720,0
1690381274,0,0,1060267860,1060267720,0
1690381275,0,0,1060267860,1060267720,0
1690381276,0,0,1060267860,1060267720,0
1690381277,0,0,1060267860,1060267720,0
1690381278,0,0,1060267860,1060267720,0
1690381279,0,0,1060267860,1060267720,0
1690381280,0,0,1060267860,1060267720,0
1690381281,0,0,1060267860,1060267720,0
1690381282,0,0,1060267860,1060267720,0
1690381283,0,0,1060267860,1060267720,0
1690381284,0,0,1060267860,1060267720,0
1690381285,0,0,1060267860,1060267720,0
1690381286,0,0,1060267860,1060267720,0
1690381287,0,0,1060267860,1060267720,0
1690381288,0,0,1060267860,1060267720,0
1690381289,0,0,1060267860,1060267720,0
1690381290,0,0,1060267860,1060267720,0
1690381291,0,0,1060267860,1060267720,0
1690381292,0,0,1060267860,1060267720,0
1690381293,0,0,1060267860,1060267720,0
1690381294,0,0,1060267860,1060267720,0
size: 128B, rate: 95%, link: 25000 Mbps, mpps: 20059122, dur: 30 sec, total: 601773660, LossLimit: 6018 (0.001%)
TS(sec),TX(pps),RX(pps),totalTX(p),totalRX(p),Trial
1690381295,0,0,0,0,0
1690381296,280782,440058,280782,440058,0
1690381297,21071507,21011349,21352289,21451407,0
1690381298,21072575,21012450,42424864,42463857,0
1690381299,21260876,21244892,63685740,63708749,0
1690381300,20681364,20680277,84367104,84389026,0
1690381301,20088512,20211600,104455616,104600626,0
1690381302,20176832,20234014,124632448,124834640,0
1690381303,20229632,20229648,144862080,145064288,0
1690381304,20233792,20051768,165095872,165116056,0
1690381305,20233792,20233728,185329664,185349784,0
1690381306,20086720,20211813,205416384,205561597,0
1690381307,20087808,20026014,225504192,225587611,0
1690381308,20087616,20027361,245591808,245614972,0
1690381309,20254720,20433782,265846528,266048754,0
1690381310,20233028,20232928,286079556,286281682,0
1690381311,20231932,20049924,306311488,306331606,0
1690381312,20232031,20232092,326543519,326563698,0
1690381313,20086815,20209558,346630334,346773256,0
1690381314,20087682,20030584,366718016,366803840,0
1690381315,20087744,20027526,386805760,386831366,0
1690381316,20258560,20435186,407064320,407266552,0
1690381317,20231849,20231703,427296169,427498255,0
1690381318,20231767,20049803,447527936,447548058,0
1690381319,20234304,20234342,467762240,467782400,0
1690381320,20086731,20212751,487848971,487995151,0
1690381321,20087746,20028619,507936717,508023770,0
1690381322,20088629,20028134,528025346,528051904,0
1690381323,20258600,20433271,548283946,548485175,0
1690381324,20231868,20219323,568515814,568704498,0
1690381325,20231770,20245277,588747584,588949775,0
1690381326,13026076,12823885,601773660,601773660,0
1690381327,0,0,601773660,601773660,0
1690381328,0,0,601773660,601773660,0
1690381329,0,0,601773660,601773660,0
1690381330,0,0,601773660,601773660,0
1690381331,0,0,0,0,1
1690381332,0,0,0,0,1
1690381333,18798777,18820579,18798777,18820579,1
1690381334,21071634,21307124,39870411,40127703,1
1690381335,21268235,21223821,61138646,61351524,1
1690381336,20803370,20792636,81942016,82144160,1
1690381337,20230829,20048825,102172845,102192985,1
1690381338,20231508,20230861,122404353,122423846,1
1690381339,20086783,20211766,142491136,142635612,1
1690381340,20087680,20030533,162578816,162666145,1
1690381341,20088645,20030656,182667461,182696801,1
1690381342,20262395,20435226,202929856,203132027,1
1690381343,20231808,20215833,223161664,223347860,1
1690381344,20232960,20248137,243394624,243595997,1
1690381345,20233536,20229099,263628160,263825096,1
1690381346,20232832,20228589,283860992,284053685,1
1690381347,20230720,20240202,304091712,304293887,1
1690381348,20232896,20050909,324324608,324344796,1
1690381349,20228480,20227752,344553088,344572548,1
1690381350,20086759,20212406,364639847,364784954,1
1690381351,20087710,20026951,384727557,384811905,1
1690381352,20088699,20030218,404816256,404842123,1
1690381353,20255744,20432109,425072000,425274232,1
1690381355,20262656,20080633,445334656,445354865,1
1690381356,20230592,20230671,465565248,465585536,1
1690381357,40174528,40188934,505739776,505774470,1
1690381358,0,0,505739776,505774470,1
1690381359,40175488,40161855,545915264,545936325,1
1690381360,20088576,20176153,566003840,566112478,1
1690381361,20086849,20027794,586090689,586140272,1
1690381362,15682971,15633388,601773660,601773660,1
1690381363,0,0,601773660,601773660,1
1690381364,0,0,601773660,601773660,1
1690381365,0,0,601773660,601773660,1
1690381366,0,0,601773660,601773660,1
1690381367,0,0,0,0,2
1690381368,16998048,17019090,16998048,17019090,2
1690381369,21071512,21197947,38069560,38217037,2
1690381370,21072602,20948149,59142162,59165186,2
1690381371,20748078,20953610,79890240,80118796,2
1690381372,20087716,19880302,99977956,99999098,2
1690381373,20088604,20178676,120066560,120177774,2
1690381374,20086849,20031186,140153409,140208960,2
1690381375,20287551,20434142,160440960,160643102,2
1690381376,20232704,20224627,180673664,180867729,2
1690381377,20229759,20228547,200903423,201096276,2
1690381378,20230413,20228557,221133836,221324833,2
1690381379,20231796,20243039,241365632,241567872,2
1690381380,20232576,20214207,261598208,261782079,2
1690381381,20234097,20252394,281832305,282034473,2
1690381382,20232883,20050889,302065188,302085362,2
1690381383,20229605,20229604,322294793,322314966,2
1690381384,20086775,20210364,342381568,342525330,2
1690381385,20087744,20027416,362469312,362552746,2
1690381386,20088576,20230600,382557888,382783346,2
1690381387,20255889,20231762,402813777,403015108,2
1690381388,20229359,20212010,423043136,423227118,2
1690381389,20231296,20249043,443274432,443476161,2
1690381390,20232384,20050896,463506816,463527057,2
1690381391,20227968,20227938,483734784,483754995,2
1690381392,20086851,20211019,503821635,503966014,2
1690381393,20087677,20026787,523909312,523992801,2
1690381394,20088640,20031082,543997952,544023883,2
1690381395,20260095,20435454,564258047,564459337,2
1690381396,20228289,20228319,584486336,584687656,2
1690381397,17287324,17086004,601773660,601773660,2
1690381398,0,0,601773660,601773660,2
1690381399,0,0,601773660,601773660,2
1690381400,0,0,601773660,601773660,2
1690381401,0,0,601773660,601773660,2
1690381402,0,0,601773660,601773660,2
1690381403,0,0,601773660,601773660,0
1690381404,0,0,601773660,601773660,0
1690381405,0,0,601773660,601773660,0
1690381406,0,0,601773660,601773660,0
1690381407,0,0,601773660,601773660,0
1690381408,0,0,601773660,601773660,0
1690381409,0,0,601773660,601773660,0
1690381410,0,0,601773660,601773660,0
1690381411,0,0,601773660,601773660,0
1690381412,0,0,601773660,601773660,0
1690381413,0,0,601773660,601773660,0
1690381414,0,0,601773660,601773660,0
1690381415,0,0,601773660,601773660,0
1690381416,0,0,601773660,601773660,0
1690381417,0,0,601773660,601773660,0
1690381418,0,0,601773660,601773660,0
1690381419,0,0,601773660,601773660,0
1690381420,0,0,601773660,601773660,0
1690381421,0,0,601773660,601773660,0
1690381422,0,0,601773660,601773660,0
1690381423,0,0,601773660,601773660,0
1690381424,0,0,601773660,601773660,0
1690381425,0,0,601773660,601773660,0
1690381426,0,0,601773660,601773660,0
1690381427,0,0,601773660,601773660,0
1690381428,0,0,601773660,601773660,0
1690381429,0,0,601773660,601773660,0
1690381430,0,0,601773660,601773660,0
1690381431,0,0,601773660,601773660,0
1690381432,0,0,601773660,601773660,0
size: 256B, rate: 95%, link: 25000 Mbps, mpps: 10756341, dur: 30 sec, total: 322690230, LossLimit: 3227 (0.001%)
TS(sec),TX(pps),RX(pps),totalTX(p),totalRX(p),Trial
1690381433,0,0,0,0,0
1690381434,6487664,6606219,6487664,6606219,0
1690381435,11299771,11266981,17787435,17873200,0
1690381436,11299773,11225703,29087208,29098903,0
1690381437,11300301,11433987,40387509,40532890,0
1690381438,10973579,10936937,51361088,51469827,0
1690381439,10879616,10878128,62240704,62347955,0
1690381440,10879552,10877616,73120256,73225571,0
1690381441,10878592,10877638,83998848,84103209,0
1690381442,10880000,10884360,94878848,94987569,0
1690381443,10879895,10870927,105758743,105858496,0
1690381444,10877784,10886757,116636527,116745253,0
1690381445,10879185,10878993,127515712,127624246,0
1690381446,10879768,10782071,138395480,138406317,0
1690381447,10878376,10878420,149273856,149284737,0
1690381448,10801472,10869361,160075328,160154098,0
1690381449,10801856,10770817,170877184,170924915,0
1690381450,10802368,10770386,181679552,181695301,0
1690381451,10895404,10987885,192574956,192683186,0
1690381452,10879444,10782052,203454400,203465238,0
1690381453,10877610,10878120,214332010,214343358,0
1690381454,10801426,10869081,225133436,225212439,0
1690381455,10801860,10769515,235935296,235981954,0
1690381456,10802432,10769328,246737728,246751282,0
1690381457,10892992,10987652,257630720,257738934,0
1690381458,10879673,10782717,268510393,268521651,0
1690381459,10879111,10879202,279389504,279400853,0
1690381460,10801408,10866836,290190912,290267689,0
1690381461,10801856,10770249,300992768,301037938,0
1690381462,10801920,10770552,311794688,311808490,0
1690381463,10893312,10881740,322688000,322690230,0
1690381464,2230,0,322690230,322690230,0
1690381465,0,0,322690230,322690230,0
1690381466,0,0,322690230,322690230,0
1690381467,0,0,322690230,322690230,0
1690381468,0,0,322690230,322690230,0
1690381469,0,0,0,0,1
1690381470,5585680,5597011,5585680,5597011,1
1690381471,11299267,11369828,16884947,16966839,1
1690381472,11299838,11230211,28184785,28197050,1
1690381473,11299711,11416253,39484496,39613303,1
1690381474,10904816,10786914,50389312,50400217,1
1690381475,10801439,10850567,61190751,61250784,1
1690381476,10801889,10770488,71992640,72021272,1
1690381477,10907712,10987785,82900352,83009057,1
1690381478,10878720,10871872,93779072,93880929,1
1690381479,10878912,10885763,104657984,104766692,1
1690381480,10878848,10780977,115536832,115547669,1
1690381481,10879375,10879405,126416207,126427074,1
1690381482,10801393,10868403,137217600,137295477,1
1690381483,10801920,10770654,148019520,148066131,1
1690381484,10801856,10770541,158821376,158836672,1
1690381485,10894464,10987868,169715840,169824540,1
1690381486,10879552,10871791,180595392,180696331,1
1690381487,10878336,10886129,191473728,191582460,1
1690381488,10879298,10781416,202353026,202363876,1
1690381489,10878526,10878520,213231552,213242396,1
1690381490,10801408,10868999,224032960,224111395,1
1690381491,10801856,10770074,234834816,234881469,1
1690381492,10801920,10770543,245636736,245652012,1
1690381493,10895232,10988677,256531968,256640689,1
1690381494,10876928,10870924,267408896,267511613,1
1690381495,10878912,10884915,278287808,278396528,1
1690381496,10879488,10870327,289167296,289266855,1
1690381497,10878464,10887611,300045760,300154466,1
1690381498,10879936,10878520,310925696,311032986,1
1690381499,10880512,10877605,321806208,321910591,1
1690381500,884022,779639,322690230,322690230,1
1690381501,0,0,322690230,322690230,1
1690381502,0,0,322690230,322690230,1
1690381503,0,0,322690230,322690230,1
1690381504,0,0,322690230,322690230,1
1690381505,0,0,0,0,2
1690381506,4486855,4559746,4486855,4559746,2
1690381507,11299775,11267040,15786630,15826786,2
1690381508,11299781,11380332,27086411,27207118,2
1690381509,11300274,11191371,38386685,38398489,2
1690381510,10951683,10993056,49338368,49391545,2
1690381511,10801856,10879933,60140224,60271478,2
1690381512,10900421,10877897,71040645,71149375,2
1690381513,10877947,10871227,81918592,82020602,2
1690381514,10879556,10886301,92798148,92906903,2
1690381515,10879420,10781512,103677568,103688415,2
1690381516,10879488,10879479,114557056,114567894,2
1690381517,10801408,10869345,125358464,125437239,2
1690381518,10801856,10769069,136160320,136206308,2
1690381519,10801881,10771191,146962201,146977499,2
1690381520,10895463,10988901,157857664,157966400,2
1690381521,10878080,10869532,168735744,168835932,2
1690381522,10878983,10887537,179614727,179723469,2
1690381523,10879417,10781585,190494144,190505054,2
1690381524,10879362,10879388,201373506,201384442,2
1690381525,10801470,10868387,212174976,212252829,2
1690381526,10801856,10735364,222976832,222988193,2
1690381527,10801895,10920796,233778727,233908989,2
1690381528,10802329,10683438,244581056,244592427,2
1690381529,10801408,10858270,255382464,255450697,2
1690381530,10801920,10771117,266184384,266221814,2
1690381531,10801856,10879690,276986240,277101504,2
1690381532,10801920,10697990,287788160,287799494,2
1690381533,10802368,10842075,298590528,298641569,2
1690381534,10801408,10879776,309391936,309521345,2
1690381535,10898368,10878198,320290304,320399543,2
1690381536,2399926,2290687,322690230,322690230,2
1690381537,0,0,322690230,322690230,2
1690381538,0,0,322690230,322690230,2
1690381539,0,0,322690230,322690230,2
1690381540,0,0,322690230,322690230,2
1690381541,0,0,322690230,322690230,0
1690381542,0,0,322690230,322690230,0
1690381543,0,0,322690230,322690230,0
1690381544,0,0,322690230,322690230,0
1690381545,0,0,322690230,322690230,0
1690381547,0,0,322690230,322690230,0
1690381548,0,0,322690230,322690230,0
1690381549,0,0,322690230,322690230,0
1690381550,0,0,322690230,322690230,0
1690381551,0,0,322690230,322690230,0
1690381552,0,0,322690230,322690230,0
1690381553,0,0,322690230,322690230,0
1690381554,0,0,322690230,322690230,0
1690381555,0,0,322690230,322690230,0
1690381556,0,0,322690230,322690230,0
1690381557,0,0,322690230,322690230,0
1690381558,0,0,322690230,322690230,0
1690381559,0,0,322690230,322690230,0
1690381560,0,0,322690230,322690230,0
1690381561,0,0,322690230,322690230,0
1690381562,0,0,322690230,322690230,0
1690381563,0,0,322690230,322690230,0
1690381564,0,0,322690230,322690230,0
1690381565,0,0,322690230,322690230,0
1690381566,0,0,322690230,322690230,0
1690381567,0,0,322690230,322690230,0
1690381568,0,0,322690230,322690230,0
1690381569,0,0,322690230,322690230,0
1690381570,0,0,322690230,322690230,0
size: 512B, rate: 95%, link: 25000 Mbps, mpps: 5580357, dur: 30 sec, total: 167410710, LossLimit: 1674 (0.001%)
TS(sec),TX(pps),RX(pps),totalTX(p),totalRX(p),Trial
1690381571,0,0,0,0,0
1690381572,826724,888392,826724,888392,0
1690381573,5862062,5806497,6688786,6694889,0
1690381574,5862265,5884577,12551051,12579466,0
1690381575,5862286,5904733,18413337,18484199,0
1690381576,5669031,5604018,24082368,24088217,0
1690381577,5585600,5613546,29667968,29701763,0
1690381578,5585127,5569580,35253095,35271343,0
1690381579,5585369,5626035,40838464,40897378,0
1690381580,5585344,5568727,46423808,46466105,0
1690381581,5585408,5548874,52009216,52014979,0
1690381582,5585600,5646720,57594816,57661699,0
1690381583,5585088,5524080,63179904,63185779,0
1690381584,5585397,5614454,68765301,68800233,0
1690381585,5585611,5570017,74350912,74370250,0
1690381586,5585088,5625142,79936000,79995392,0
1690381587,5585408,5531844,85521408,85527236,0
1690381588,5585344,5605625,91106752,91132861,0
1690381589,5585389,5625724,96692141,96758585,0
1690381590,5585571,5525002,102277712,102283587,0
1690381591,5585136,5612974,107862848,107896561,0
1690381592,5585357,5569103,113448205,113465664,0
1690381593,5585610,5626037,119033815,119091701,0
1690381594,5585129,5568541,124618944,124660242,0
1690381595,5585344,5550179,130204288,130210421,0
1690381596,5585403,5645564,135789691,135855985,0
1690381597,5585350,5524704,141375041,141380689,0
1690381598,5585609,5613737,146960650,146994426,0
1690381599,5606262,5628437,152566912,152622863,0
1690381600,5626158,5626148,158193070,158249011,0
1690381601,5625298,5575230,163818368,163824241,0
1690381602,3592342,3586469,167410710,167410710,0
1690381603,0,0,167410710,167410710,0
1690381604,0,0,167410710,167410710,0
1690381605,0,0,167410710,167410710,0
1690381606,0,0,167410710,167410710,0
1690381607,0,0,0,0,1
1690381608,0,0,0,0,1
1690381609,5502338,5508199,5502338,5508199,1
1690381610,5904431,5904433,11406769,11412632,1
1690381611,5862033,5897470,17268802,17310102,1
1690381612,5722942,5703685,22991744,23013787,1
1690381613,5585359,5569200,28577103,28582987,1
1690381614,5632174,5682481,34209277,34265468,1
1690381615,5625155,5622556,39834432,39888024,1
1690381616,5625150,5627752,45459582,45515776,1
1690381617,5625474,5621312,51085056,51137088,1
1690381618,5625069,5629218,56710125,56766306,1
1690381619,5625491,5625309,62335616,62391615,1
1690381620,5625216,5624647,67960832,68016262,1
1690381621,5624256,5624528,73585088,73640790,1
1690381622,5626011,5624532,79211099,79265322,1
1690381623,5625498,5624523,84836597,84889845,1
1690381624,5625099,5628052,90461696,90517897,1
1690381625,5625263,5620995,96086959,96138892,1
1690381626,5625297,5629582,101712256,101768474,1
1690381627,5625152,5624933,107337408,107393407,1
1690381628,5625820,5624661,112963228,113018068,1
1690381629,5625828,5624536,118589056,118642604,1
1690381630,5624768,5624529,124213824,124267133,1
1690381631,5625472,5628367,129839296,129895500,1
1690381632,5625920,5620681,135465216,135516181,1
1690381633,5625071,5630123,141090287,141146304,1
1690381634,5625425,5574982,146715712,146721286,1
1690381635,5626112,5626112,152341824,152347398,1
1690381636,5585088,5619374,157926912,157966772,1
1690381637,5585344,5569294,163512256,163536066,1
1690381638,3898454,3874644,167410710,167410710,1
1690381639,0,0,167410710,167410710,1
1690381640,0,0,167410710,167410710,1
1690381641,0,0,167410710,167410710,1
1690381642,0,0,167410710,167410710,1
1690381643,0,0,0,0,2
1690381644,0,0,0,0,2
1690381645,5257818,5263697,5257818,5263697,2
1690381646,5903739,5903706,11161557,11167403,2
1690381647,5862011,5898858,17023568,17066261,2
1690381648,5734960,5717152,22758528,22783413,2
1690381649,5585600,5569891,28344128,28353304,2
1690381650,5634496,5681541,33978624,34034845,2
1690381651,5624960,5574341,39603584,39609186,2
1690381652,5625984,5625969,45229568,45235155,2
1690381653,5585088,5619524,50814656,50854679,2
1690381654,5585350,5569331,56400006,56424010,2
1690381655,5585402,5569391,61985408,61993401,2
1690381656,5633088,5681316,67618496,67674717,2
1690381657,5624593,5624591,73243089,73299308,2
1690381658,5625391,5574587,78868480,78873895,2
1690381659,5624898,5625105,84493378,84499000,2
1690381660,5585150,5619818,90078528,90118818,2
1690381661,5585344,5569781,95663872,95688599,2
1690381662,5585600,5569402,101249472,101258001,2
1690381663,5634624,5682303,106884096,106940304,2
1690381664,5625600,5624793,112509696,112565097,2
1690381665,5625728,5624501,118135424,118189598,2
1690381666,5625148,5624525,123760572,123814123,2
1690381667,5625156,5627833,129385728,129441956,2
1690381668,5625984,5575375,135011712,135017331,2
1690381669,5625600,5625606,140637312,140642937,2
1690381670,11170496,11188329,151807808,151831266,2
1690381671,5585359,5569431,157393167,157400697,2
1690381672,5632690,5681380,163025857,163082077,2
1690381673,4384853,4328633,167410710,167410710,2
1690381674,0,0,167410710,167410710,2
1690381675,0,0,167410710,167410710,2
1690381676,0,0,167410710,167410710,2
1690381677,0,0,167410710,167410710,2
1690381678,0,0,167410710,167410710,2
1690381679,0,0,167410710,167410710,0
1690381680,0,0,167410710,167410710,0
1690381681,0,0,167410710,167410710,0
1690381682,0,0,167410710,167410710,0
1690381683,0,0,167410710,167410710,0
1690381684,0,0,167410710,167410710,0
1690381685,0,0,167410710,167410710,0
1690381686,0,0,167410710,167410710,0
1690381687,0,0,167410710,167410710,0
1690381688,0,0,167410710,167410710,0
1690381689,0,0,167410710,167410710,0
1690381690,0,0,167410710,167410710,0
1690381691,0,0,167410710,167410710,0
1690381692,0,0,167410710,167410710,0
1690381693,0,0,167410710,167410710,0
1690381694,0,0,167410710,167410710,0
1690381695,0,0,167410710,167410710,0
1690381696,0,0,167410710,167410710,0
1690381697,0,0,167410710,167410710,0
1690381698,0,0,167410710,167410710,0
1690381699,0,0,167410710,167410710,0
1690381700,0,0,167410710,167410710,0
1690381701,0,0,167410710,167410710,0
1690381702,0,0,167410710,167410710,0
1690381703,0,0,167410710,167410710,0
1690381704,0,0,167410710,167410710,0
1690381705,0,0,167410710,167410710,0
1690381706,0,0,167410710,167410710,0
1690381707,0,0,167410710,167410710,0
1690381708,0,0,167410710,167410710,0
size: 1024B, rate: 95%, link: 25000 Mbps, mpps: 2843630, dur: 30 sec, total: 85308900, LossLimit: 853 (0.001%)
TS(sec),TX(pps),RX(pps),totalTX(p),totalRX(p),Trial
1690381709,0,0,0,0,0
1690381710,2196836,2225991,2196836,2225991,0
1690381711,3008251,3008243,5205087,5234234,0
1690381712,3008568,3008246,8213655,8242480,0
1690381713,2959960,2959751,11173615,11202231,0
1690381714,2865283,2839512,14038898,14041743,0
1690381715,2865346,2865204,16904244,16906947,0
1690381716,2844584,2861820,19748828,19768767,0
1690381717,2844836,2836284,22593664,22605051,0
1690381718,2844608,2865433,25438272,25470484,0
1690381719,2868736,2865153,28307008,28335637,0
1690381720,2865264,2839610,31172272,31175247,0
1690381721,2864713,2864716,34036985,34039963,0
1690381722,2844599,2862165,36881584,36902128,0
1690381723,2844719,2836243,39726303,39738371,0
1690381724,2844705,2836456,42571008,42574827,0
1690381725,2869184,2894003,45440192,45468830,0
1690381726,2865284,2839518,48305476,48308348,0
1690381727,2865444,2865428,51170920,51173776,0
1690381728,2844607,2862514,54015527,54036290,0
1690381729,2844697,2836271,56860224,56872561,0
1690381730,2844736,2836608,59704960,59709169,0
1690381731,2869552,2893962,62574512,62603131,0
1690381732,2865040,2863672,65439552,65466803,0
1690381733,2865216,2866589,68304768,68333392,0
1690381734,2864960,2862617,71169728,71196009,0
1690381735,2865145,2867480,74034873,74063489,0
1690381736,2864897,2839130,76899770,76902619,0
1690381737,2864966,2864967,79764736,79767586,0
1690381738,2844592,2861741,82609328,82629327,0
1690381740,2699572,2679573,85308900,85308900,0
1690381741,0,0,85308900,85308900,0
1690381742,0,0,85308900,85308900,0
1690381743,0,0,85308900,85308900,0
1690381744,0,0,85308900,85308900,0
1690381745,0,0,0,0,1
1690381746,1926008,1955791,1926008,1955791,1
1690381747,3008909,3008237,4934917,4964028,1
1690381748,3008612,3008255,7943529,7972283,1
1690381749,2972622,2972477,10916151,10944760,1
1690381750,2864875,2839112,13781026,13783872,1
1690381751,2865218,2865224,16646244,16649096,1
1690381752,2844605,2862047,19490849,19511143,1
1690381753,2844703,2836473,22335552,22347616,1
1690381754,2844854,2836467,25180406,25184083,1
1690381755,2869258,2894098,28049664,28078181,1
1690381756,2865150,2865128,30914814,30943309,1
1690381757,2865410,2839906,33780224,33783215,1
1690381758,2864868,2864856,36645092,36648071,1
1690381759,2844600,2861604,39489692,39509675,1
1690381760,2844708,2836137,42334400,42345812,1
1690381761,2844735,2865127,45179135,45210939,1
1690381762,2868586,2865403,48047721,48076342,1
1690381763,2865111,2863977,50912832,50940319,1
1690381764,2865303,2864666,53778135,53804985,1
1690381765,2864722,2866486,56642857,56671471,1
1690381766,2865047,2839288,59507904,59510759,1
1690381767,2864850,2864833,62372754,62375592,1
1690381768,2844583,2862314,65217337,65237906,1
1690381769,2844720,2836432,68062057,68074338,1
1690381770,2844826,2836238,70906883,70910576,1
1690381771,2869117,2893928,73776000,73804504,1
1690381772,2865280,2863526,76641280,76668030,1
1690381773,2865192,2866990,79506472,79535020,1
1690381774,2864899,2839205,82371371,82374225,1
1690381775,2865085,2865084,85236456,85239309,1
1690381776,72444,69591,85308900,85308900,1
1690381777,0,0,85308900,85308900,1
1690381778,0,0,85308900,85308900,1
1690381779,0,0,85308900,85308900,1
1690381780,0,0,85308900,85308900,1
1690381781,0,0,0,0,2
1690381782,1588470,1625231,1588470,1625231,2
1690381783,2987313,2953665,4575783,4578896,2
1690381784,2987415,3003792,7563198,7582688,2
1690381785,2970306,2961396,10533504,10544084,2
1690381786,2844726,2865427,13378230,13409511,2
1690381787,2867583,2839277,16245813,16248788,2
1690381788,2864971,2864972,19110784,19113760,2
1690381789,2844847,2862240,21955631,21976000,2
1690381790,2844597,2836493,24800228,24812493,2
1690381791,2844706,2836649,27644934,27649142,2
1690381792,2869474,2893887,30514408,30543029,2
1690381793,2865368,2839595,33379776,33382624,2
1690381794,2865281,2865283,36245057,36247907,2
1690381795,2844599,2861983,39089656,39109890,2
1690381796,2844721,2836347,41934377,41946237,2
1690381797,2844823,2836378,44779200,44782615,2
1690381798,2844608,2844173,47623808,47626788,2
1690381799,2844728,2857621,50468536,50484409,2
1690381800,2844850,2839826,53313386,53324235,2
1690381801,2844593,2864826,56157979,56189061,2
1690381802,2844709,2816612,59002688,59005673,2
1690381803,2844733,2856660,61847421,61862333,2
1690381804,2844716,2836613,64692137,64698946,2
1690381805,2872076,2893881,67564213,67592827,2
1690381806,2865087,2865017,70429300,70457844,2
1690381807,2864652,2838975,73293952,73296819,2
1690381808,2865152,2865126,76159104,76161945,2
1690381809,2844593,2862118,79003697,79024063,2
1690381810,2844718,2836133,81848415,81860196,2
1690381811,2844705,2836644,84693120,84696840,2
1690381812,615780,612060,85308900,85308900,2
1690381813,0,0,85308900,85308900,2
1690381814,0,0,85308900,85308900,2
1690381815,0,0,85308900,85308900,2
1690381816,0,0,85308900,85308900,2
1690381817,0,0,85308900,85308900,0
1690381818,0,0,85308900,85308900,0
1690381819,0,0,85308900,85308900,0
1690381820,0,0,85308900,85308900,0
1690381821,0,0,85308900,85308900,0
1690381822,0,0,85308900,85308900,0
1690381823,0,0,85308900,85308900,0
1690381824,0,0,85308900,85308900,0
1690381825,0,0,85308900,85308900,0
1690381826,0,0,85308900,85308900,0
1690381827,0,0,85308900,85308900,0
1690381828,0,0,85308900,85308900,0
1690381829,0,0,85308900,85308900,0
1690381830,0,0,85308900,85308900,0
1690381831,0,0,85308900,85308900,0
1690381832,0,0,85308900,85308900,0
1690381833,0,0,85308900,85308900,0
1690381834,0,0,85308900,85308900,0
1690381835,0,0,85308900,85308900,0
1690381836,0,0,85308900,85308900,0
1690381837,0,0,85308900,85308900,0
1690381838,0,0,85308900,85308900,0
1690381839,0,0,85308900,85308900,0
1690381840,0,0,85308900,85308900,0
1690381841,0,0,85308900,85308900,0
1690381842,0,0,85308900,85308900,0
1690381843,0,0,85308900,85308900,0
1690381844,0,0,85308900,85308900,0
1690381845,0,0,85308900,85308900,0
1690381846,0,0,85308900,85308900,0
size: 1280B, rate: 95%, link: 25000 Mbps, mpps: 2283654, dur: 30 sec, total: 68509620, LossLimit: 685 (0.001%)
TS(sec),TX(pps),RX(pps),totalTX(p),totalRX(p),Trial
1690381847,0,0,0,0,0
1690381848,700292,723618,700292,723618,0
1690381849,2416283,2415850,3116575,3139468,0
1690381850,2416323,2417576,5532898,5557044,0
1690381851,2416371,2414229,7949269,7971273,0
1690381852,2317016,2318002,10266285,10289275,0
1690381853,2301948,2281239,12568233,12570514,0
1690381854,2301945,2301943,14870178,14872457,0
1690381855,2285319,2299287,17155497,17171744,0
1690381856,2285432,2278816,19440929,19450560,0
1690381857,2285428,2278784,21726357,21729344,0
1690381858,2304811,2324718,24031168,24054062,0
1690381859,2301760,2301711,26332928,26355773,0
1690381860,2301461,2301456,28634389,28657229,0
1690381861,2301700,2281252,30936089,30938481,0
1690381862,2302072,2302079,33238161,33240560,0
1690381863,2285336,2299646,35523497,35540206,0
1690381864,2285426,2278819,37808923,37819025,0
1690381865,2285413,2278448,40094336,40097473,0
1690381866,2305106,2324957,42399442,42422430,0
1690381867,2301383,2301385,44700825,44723815,0
1690381868,2301671,2280984,47002496,47004799,0
1690381869,2301952,2301950,49304448,49306749,0
1690381870,2285336,2299268,51589784,51606017,0
1690381871,2285416,2278933,53875200,53884950,0
1690381872,2285546,2278899,56160746,56163849,0
1690381873,2304982,2324873,58465728,58488722,0
1690381874,2301824,2301821,60767552,60790543,0
1690381875,2301523,2301499,63069075,63092042,0
1690381876,2301793,2301508,65370868,65393550,0
1690381877,2301865,2301454,67672733,67695004,0
1690381878,836887,814616,68509620,68509620,0
1690381879,0,0,68509620,68509620,0
1690381880,0,0,68509620,68509620,0
1690381881,0,0,68509620,68509620,0
1690381882,0,0,68509620,68509620,0
1690381883,0,0,0,0,1
1690381884,507300,531434,507300,531434,1
1690381885,2416461,2416472,2923761,2947906,1
1690381886,2416182,2416110,5339943,5364016,1
1690381887,2416110,2415850,7756053,7779866,1
1690381888,2325783,2324533,10081836,10104399,1
1690381889,2301947,2301450,12383783,12405849,1
1690381890,2302068,2302994,14685851,14708843,1
1690381891,2301503,2280794,16987354,16989637,1
1690381892,2301831,2301837,19289185,19291474,1
1690381893,2285330,2299523,21574515,21590997,1
1690381894,2285431,2271284,23859946,23862281,1
1690381895,2285427,2309202,26145373,26171483,1
1690381896,2285531,2261809,28430904,28433292,1
1690381897,2285320,2296172,30716224,30729464,1
1690381898,2285437,2278891,33001661,33008355,1
1690381899,2285427,2302076,35287088,35310431,1
1690381900,2285432,2278913,37572520,37589344,1
1690381901,2285528,2278899,39858048,39868243,1
1690381902,2285314,2278577,42143362,42146820,1
1690381903,2305342,2324880,44448704,44471700,1
1690381904,2301952,2281361,46750656,46753061,1
1690381905,2301918,2301907,49052574,49054968,1
1690381906,2285329,2299315,51337903,51354283,1
1690381907,2285431,2278701,53623334,53632984,1
1690381908,2285428,2278795,55908762,55911779,1
1690381909,2305108,2325073,58213870,58236852,1
1690381910,2301931,2301944,60515801,60538796,1
1690381911,2301712,2299794,62817513,62838590,1
1690381912,2301573,2303481,65119086,65142071,1
1690381913,2301770,2301712,67420856,67443783,1
1690381914,1088764,1065837,68509620,68509620,1
1690381915,0,0,68509620,68509620,1
1690381916,0,0,68509620,68509620,1
1690381917,0,0,68509620,68509620,1
1690381918,0,0,68509620,68509620,1
1690381919,0,0,0,0,2
1690381920,200073,217096,200073,217096,2
1690381921,2398929,2392341,2599002,2609437,2
1690381922,2399029,2392169,4998031,5001606,2
1690381923,2419794,2440455,7417825,7442061,2
1690381924,2341983,2340787,9759808,9782848,2
1690381925,2301876,2301517,12061684,12084365,2
1690381926,2301576,2301451,14363260,14385816,2
1690381927,2301828,2301456,16665088,16687272,2
1690381928,2301813,2301456,18966901,18988728,2
1690381929,2301944,2303112,21268845,21291840,2
1690381930,2301715,2299792,23570560,23591632,2
1690381932,2301888,2303743,25872448,25895375,2
1690381933,2301568,2280935,28174016,28176310,2
1690381934,2301568,2301579,30475584,30477889,2
1690381935,2285343,2299530,32760927,32777419,2
1690381936,2285426,2278715,35046353,35056134,2
1690381937,2285532,2278796,37331885,37334930,2
1690381938,2304915,2324858,39636800,39659788,2
1690381939,2301952,2299961,41938752,41959749,2
1690381940,2301760,2303676,44240512,44263425,2
1690381941,2301873,2281246,46542385,46544671,2
1690381942,2301691,2301694,48844076,48846365,2
1690381943,2285331,2299182,51129407,51145547,2
1690381944,2285435,2278785,53414842,53424332,2
1690381945,2285510,2278905,55700352,55703237,2
1690381946,2304406,2324510,58004758,58027747,2
1690381947,2301658,2301660,60306416,60329407,2
1690381948,2301448,2280747,62607864,62610154,2
1690381949,2301512,2301522,64909376,64911676,2
1690381950,2285336,2299425,67194712,67211101,2
1690381951,1314908,1298519,68509620,68509620,2
1690381952,0,0,68509620,68509620,2
1690381953,0,0,68509620,68509620,2
1690381954,0,0,68509620,68509620,2
1690381955,0,0,68509620,68509620,0
1690381956,0,0,68509620,68509620,0
1690381957,0,0,68509620,68509620,0
1690381958,0,0,68509620,68509620,0
1690381959,0,0,68509620,68509620,0
1690381960,0,0,68509620,68509620,0
1690381961,0,0,68509620,68509620,0
1690381962,0,0,68509620,68509620,0
1690381963,0,0,68509620,68509620,0
1690381964,0,0,68509620,68509620,0
1690381965,0,0,68509620,68509620,0
1690381966,0,0,68509620,68509620,0
1690381967,0,0,68509620,68509620,0
1690381968,0,0,68509620,68509620,0
1690381969,0,0,68509620,68509620,0
1690381970,0,0,68509620,68509620,0
1690381971,0,0,68509620,68509620,0
1690381972,0,0,68509620,68509620,0
1690381973,0,0,68509620,68509620,0
1690381974,0,0,68509620,68509620,0
1690381975,0,0,68509620,68509620,0
1690381976,0,0,68509620,68509620,0
1690381977,0,0,68509620,68509620,0
1690381978,0,0,68509620,68509620,0
1690381979,0,0,68509620,68509620,0
1690381980,0,0,68509620,68509620,0
1690381981,0,0,68509620,68509620,0
1690381982,0,0,68509620,68509620,0
1690381983,0,0,68509620,68509620,0
1690381984,0,0,68509620,68509620,0
size: 1518B, rate: 95%, link: 25000 Mbps, mpps: 1930267, dur: 30 sec, total: 57908010, LossLimit: 579 (0.001%)
TS(sec),TX(pps),RX(pps),totalTX(p),totalRX(p),Trial
1690381985,0,0,0,0,0
1690381986,0,0,0,0,0
1690381987,1843442,1845652,1843442,1845652,0
1690381988,2027789,2034046,3871231,3879698,0
1690381989,2027788,2042471,5899019,5922169,0
1690381990,1980169,1958943,7879188,7881112,0
1690381991,1941456,1941469,9820644,9822581,0
1690381992,1930777,1942696,11751421,11765277,0
1690381993,1939043,1944698,13690464,13709975,0
1690381994,1944528,1944033,15634992,15654008,0
1690381995,1945001,1944394,17579993,17598402,0
1690381996,1944567,1945584,19524560,19543986,0
1690381997,1944546,1927054,21469106,21471040,0
1690381998,1944437,1944380,23413543,23415420,0
1690381999,1930777,1942834,25344320,25358254,0
1690382000,1930859,1925346,27275179,27283600,0
1690382001,1930943,1925472,29206122,29209072,0
1690382002,1947690,1964168,31153812,31173240,0
1690382003,1944812,1943588,33098624,33116828,0
1690382004,1944852,1946078,35043476,35062906,0
1690382005,1944708,1944651,36988184,37007557,0
1690382006,1944847,1927407,38933031,38934964,0
1690382007,1944426,1944426,40877457,40879390,0
1690382008,1930774,1942636,42808231,42822026,0
1690382009,1930859,1925548,44739090,44747574,0
1690382010,1930862,1924974,46669952,46672548,0
1690382011,1947546,1964284,48617498,48636832,0
1690382012,1944858,1927453,50562356,50564285,0
1690382013,1944705,1944706,52507061,52508991,0
1690382014,3861628,3868173,56368689,56377164,0
1690382015,1539321,1530846,57908010,57908010,0
1690382016,0,0,57908010,57908010,0
1690382017,0,0,57908010,57908010,0
1690382018,0,0,57908010,57908010,0
1690382019,0,0,57908010,57908010,0
1690382020,0,0,57908010,57908010,0
1690382021,0,0,0,0,1
1690382022,1615700,1636004,1615700,1636004,1
1690382023,2042334,2041606,3658034,3677610,1
1690382024,2042225,2043046,5700259,5720656,1
1690382025,2003375,2001055,7703634,7721711,1
1690382026,1944878,1946224,9648512,9667935,1
1690382027,1944493,1944451,11593005,11612386,1
1690382028,1944786,1927326,13537791,13539712,1
1690382029,1944897,1944917,15482688,15484629,1
1690382030,1930784,1942273,17413472,17426902,1
1690382031,1930852,1925282,19344324,19352184,1
1690382032,1930951,1945067,21275275,21297251,1
1690382033,1947253,1944673,23222528,23241924,1
1690382034,1944768,1927310,25167296,25169234,1
1690382035,1944826,1944821,27112122,27114055,1
1690382036,1930775,1942557,29042897,29056612,1
1690382037,1930862,1925144,30973759,30981756,1
1690382038,1930861,1944424,32904620,32926180,1
1690382039,1946601,1944569,34851221,34870749,1
1690382040,1945029,1927433,36796250,36798182,1
1690382041,1944718,1944721,38740968,38742903,1
1690382042,1930774,1943071,40671742,40685974,1
1690382043,1930863,1925426,42602605,42611400,1
1690382044,1930856,1925469,44533461,44536869,1
1690382045,1947913,1963927,46481374,46500796,1
1690382046,1944779,1942994,48426153,48443790,1
1690382047,1944917,1946697,50371070,50390487,1
1690382048,1944924,1944037,52315994,52334524,1
1690382049,1944800,1945693,54260794,54280217,1
1690382050,1944598,1943099,56205392,56223316,1
1690382051,1702618,1684694,57908010,57908010,1
1690382052,0,0,57908010,57908010,1
1690382053,0,0,57908010,57908010,1
1690382054,0,0,57908010,57908010,1
1690382055,0,0,57908010,57908010,1
1690382056,0,0,57908010,57908010,1
1690382057,0,0,0,0,2
1690382058,1414452,1428940,1414452,1428940,2
1690382059,2027793,2015420,3442245,3444360,2
1690382060,2027784,2048399,5470029,5492759,2
1690382061,2000607,1979899,7470636,7472658,2
1690382062,1930772,1939382,9401408,9412040,2
1690382063,1930867,1944679,11332275,11356719,2
1690382064,1930942,1908432,13263217,13265151,2
1690382065,1930767,1942170,15193984,15207321,2
1690382066,1930868,1919635,17124852,17126956,2
1690382067,1930859,1950556,19055711,19077512,2
1690382068,1930876,1911088,20986587,20988600,2
1690382069,1930918,1939261,22917505,22927861,2
1690382070,1935784,1927362,24853289,24855223,2
1690382071,1930775,1942789,26784064,26798012,2
1690382072,1939194,1944756,28723258,28742768,2
1690382073,1944754,1944759,30668012,30687527,2
1690382074,1944687,1944559,32612699,32632086,2
1690382075,1944669,1927217,34557368,34559303,2
1690382076,1944606,1944607,36501974,36503910,2
1690382077,1930774,1942648,38432748,38446558,2
1690382078,1930860,1925170,40363608,40371728,2
1690382079,1930856,1925178,42294464,42296906,2
1690382080,1947376,1946950,44241840,44243856,2
1690382081,1930768,1942845,46172608,46186701,2
1690382082,1930860,1925235,48103468,48111936,2
1690382083,1930859,1925045,50034327,50036981,2
1690382084,1947394,1964166,51981721,52001147,2
1690382085,1944952,1927545,53926673,53928692,2
1690382086,1944559,1944554,55871232,55873246,2
1690382087,1930765,1942760,57801997,57816006,2
1690382088,106013,92004,57908010,57908010,2
1690382089,0,0,57908010,57908010,2
1690382090,0,0,57908010,57908010,2
1690382091,0,0,57908010,57908010,2
1690382092,0,0,57908010,57908010,2
1690382093,0,0,57908010,57908010,0
1690382094,0,0,57908010,57908010,0
1690382095,0,0,57908010,57908010,0
1690382096,0,0,57908010,57908010,0
1690382097,0,0,57908010,57908010,0
1690382098,0,0,57908010,57908010,0
1690382099,0,0,57908010,57908010,0
1690382100,0,0,57908010,57908010,0
1690382101,0,0,57908010,57908010,0
1690382102,0,0,57908010,57908010,0
1690382103,0,0,57908010,57908010,0
1690382104,0,0,57908010,57908010,0
1690382105,0,0,57908010,57908010,0
1690382106,0,0,57908010,57908010,0
1690382107,0,0,57908010,57908010,0
1690382108,0,0,57908010,57908010,0
1690382109,0,0,57908010,57908010,0
1690382110,0,0,57908010,57908010,0
1690382111,0,0,57908010,57908010,0
1690382112,0,0,57908010,57908010,0
1690382113,0,0,57908010,57908010,0
1690382114,0,0,57908010,57908010,0
1690382115,0,0,57908010,57908010,0
1690382116,0,0,57908010,57908010,0
1690382117,0,0,57908010,57908010,0
1690382118,0,0,57908010,57908010,0
1690382119,0,0,57908010,57908010,0
1690382120,0,0,57908010,57908010,0
1690382121,0,0,57908010,57908010,0
1690382122,0,0,57908010,57908010,0
